3 0.251953125 0.7080078125 0.05078125 0.056640625
3 0.5087890625 0.4921875 0.837890625 0.84375
3 0.7353515625 0.478515625 0.103515625 0.09765625
3 0.26171875 0.443359375 0.10546875 0.09375
3 0.49609375 0.4931640625 0.07421875 0.076171875
3 0.6552734375 0.6826171875 0.099609375 0.099609375
3 0.3984375 0.2685546875 0.08984375 0.099609375
3 0.306640625 0.6513671875 0.04296875 0.087890625
3 0.7099609375 0.734375 0.041015625 0.04296875
3 0.6298828125 0.283203125 0.087890625 0.09375
3 0.14421875 0.526953125 0.01953125 0.017578125