3 0.49609375 0.5302734375 0.0703125 0.064453125
3 0.6337890625 0.685546875 0.078125 0.083984375
3 0.7314453125 0.5126953125 0.083984375 0.08984375
3 0.6298828125 0.3330078125 0.1015625 0.1015625
3 0.4130859375 0.302734375 0.046875 0.0859375
3 0.271484375 0.48046875 0.10546875 0.095703125
3 0.296875 0.666015625 0.12890625 0.087890625
3 0.498046875 0.525390625 0.818359375 0.751953125
3 0.6767578125 0.7392578125 0.0390625 0.041015625
3 0.251953125 0.7109375 0.037109375 0.03125
3 0.42578125 0.2001953125 0.013671875 0.013671875