3 0.515625 0.4853515625 0.79296875 0.751953125
3 0.4921875 0.26953125 0.05078125 0.0859375
3 0.4951171875 0.498046875 0.072265625 0.0703125
3 0.32421875 0.3359375 0.05078125 0.0859375
3 0.74609375 0.4853515625 0.05078125 0.087890625
3 0.662109375 0.318359375 0.05078125 0.08203125
3 0.677734375 0.6572265625 0.04296875 0.083984375
3 0.34296875 0.6708984375 0.03671875 0.080078125
3 0.2529296875 0.509765625 0.037109375 0.08203125
3 0.7138671875 0.69140625 0.033203125 0.03125
3 0.30158203125 0.71888671875 0.05283203125 0.05580078125
3 0.3025 0.74427734375 0.015078125 0.01583984375