3 0.498046875 0.4931640625 0.84765625 0.837890625
3 0.736328125 0.478515625 0.10546875 0.09765625
3 0.251953125 0.7109375 0.05078125 0.0546875
3 0.4990234375 0.4951171875 0.068359375 0.080078125
3 0.263671875 0.4462890625 0.10546875 0.095703125
3 0.3974609375 0.2705078125 0.087890625 0.095703125
3 0.6298828125 0.28515625 0.087890625 0.09765625
3 0.306640625 0.65234375 0.04296875 0.0859375
3 0.65625 0.68359375 0.1015625 0.1015625
3 0.7119140625 0.7353515625 0.037109375 0.041015625
3 0.1730078125 0.5491796875 0.01953125 0.01953125