3 0.4951171875 0.4892578125 0.849609375 0.837890625
3 0.2509765625 0.70703125 0.052734375 0.0546875
3 0.736328125 0.478515625 0.10546875 0.09765625
3 0.7109375 0.734375 0.0390625 0.04296875
3 0.498046875 0.4931640625 0.0703125 0.076171875
3 0.306640625 0.6513671875 0.04296875 0.087890625
3 0.26171875 0.4453125 0.1015625 0.09375
3 0.3955078125 0.2666015625 0.087890625 0.095703125
3 0.6533203125 0.6806640625 0.103515625 0.099609375
3 0.62890625 0.28125 0.08984375 0.09765625
3 0.150390625 0.56197265625 0.01953125 0.01953125