3 0.4931640625 0.490234375 0.849609375 0.84375
3 0.7333984375 0.4775390625 0.107421875 0.099609375
3 0.498046875 0.4931640625 0.07421875 0.076171875
3 0.26171875 0.4453125 0.10546875 0.09375
3 0.2509765625 0.708984375 0.052734375 0.05078125
3 0.3984375 0.2685546875 0.08984375 0.099609375
3 0.6533203125 0.6787109375 0.103515625 0.099609375
3 0.7109375 0.734375 0.0390625 0.04296875
3 0.62890625 0.2841796875 0.09375 0.099609375
3 0.306640625 0.6494140625 0.04296875 0.087890625
3 0.188828125 0.66732421875 0.01578125 0.01865234375